0.00019153
0.00268145
0.00440524
0.00517136
0.00612902
0.01704635
0.01742941
0.01934473
0.02623988
0.02872980
0.03236891
0.03351810
0.03581648
0.03907316
0.04079695
0.04290444
0.04405363
0.04520283
0.04577742
0.04903347
0.05037419
0.05075725
0.05171491
0.05439700
0.05612079
0.06167522
0.06416513
0.06876190
0.07029416
0.07163488
0.07642382
0.07987139
0.08121212
0.08485187
0.08676719
0.08734178
0.08829944
0.09117242
0.09174702
0.09347080
0.09500306
0.09672749
0.09749362
0.10247345
0.10400570
0.10438877
0.10572949
0.11147545
0.11205005
0.11339077
0.11511456
0.11683835
0.12162665
0.12603252
0.12794784
0.13024622
0.13158695
0.13197001
0.13560912
0.13694984
0.14001436
0.14154661
0.14346193
0.14422806
0.14499419
0.14690951
0.14729257
0.14959095
0.15246393
0.15418772
0.15725223
0.15820989
0.16165747
0.16242360
0.16510505
0.16702037
0.16797803
0.17257479
0.17353245
0.17410705
0.17621454
0.17870446
0.18004518
0.18061978
0.18157744
0.18310969
0.18387582
0.19632540
0.19766612
0.19881531
0.20398668
0.20571047
0.20705119
0.21203102
0.21298868
0.21413787
0.21547860
0.21662779
0.21701085
0.22199068
0.22390600
0.22486366
0.22639592
0.22697052
0.22831124
0.23693018
0.23807937
0.23903703
0.23980316
0.24516605
0.24746444
0.24823057
0.25110355
0.25225274
0.25550878
0.25646644
0.25819023
0.26489385
0.26546844
0.26661764
0.26738376
0.26814989
0.27006521
0.27159747
0.27638577
0.27791802
0.28462164
0.28557930
0.28653696
0.28768616
0.28845228
0.29189986
0.29458195
0.29611420
0.30147710
0.30626540
0.30779765
0.30875531
0.30932991
0.31028757
0.31315991
0.31699055
0.31756514
0.31948046
0.32120425
0.32216191
0.32790787
0.32867400
0.33346230
0.33537762
0.35012558
0.35165784
0.35472235
0.35663767
0.36008525
0.36449048
0.36602338
0.36678950
0.36774716
0.36813023
0.37138627
0.37253546
0.37521691
0.37617521
0.37751593
0.37828206
0.38307036
0.38632641
0.38709253
0.38766713
0.38881632
0.38977398
0.39034858
0.39111471
0.39188083
0.39973364
0.40107437
0.40203203
0.40356428
0.40471348
0.40509654
0.40567114
0.40739556
0.40797016
0.40892782
0.40950242
0.41046008
0.41333305
0.41639757
0.42252659
0.42329272
0.42425038
0.42539957
0.42750642
0.43018787
0.43133706
0.43286932
0.43421004
0.43650843
0.43746609
0.43918987
0.44474430
0.44589349
0.44742575
0.45087332
0.45259711
0.45393784
0.46006686
0.46159912
0.46313137
0.46562129
0.46638741
0.46830273
0.47194184
0.47749627
0.47807087
0.47998619
0.48132691
0.48247610
0.48439142
0.48764747
0.48803053
0.48994585
0.49109504
0.49186117
0.49741560
0.49837326
0.49894785
0.50201236
0.50297002
0.50411922
0.50584300
0.51063194
0.51273879
0.51407952
0.51752709
0.51963395
0.52001701
0.52135773
0.52308152
0.52442225
0.52614603
0.54108553
0.54434157
0.54491617
0.54683149
0.55104583
0.55947324
0.56138792
0.56234558
0.56387783
0.56541009
0.56866613
0.56943226
0.57019839
0.57134694
0.57287920
0.57364533
0.57460299
0.57536911
0.57977435
0.58073201
0.58130661
0.58226427
0.58437112
0.58552031
0.58743563
0.58801023
0.59088321
0.59337312
0.59490538
0.59720376
0.59892755
0.60065134
0.60103440
0.60256666
0.60409891
0.60505657
0.60582270
0.60658883
0.60735496
0.60869568
0.61444164
0.61597390
0.62267751
0.62401824
0.62497590
0.62631662
0.62727428
0.62804041
0.62918960
0.62995573
0.63187105
0.63263718
0.63436097
0.63608475
0.63742548
0.63838314
0.63914927
0.64681055
0.64776820
0.65159884
0.65255650
0.65389723
0.65447182
0.65619561
0.65772787
0.66040932
0.66098391
0.66366536
0.67381655
0.67573187
0.68894822
0.69162967
0.69316192
0.69431112
0.69603490
0.69699256
0.69871635
0.69929095
0.70044014
0.70235546
0.70484538
0.70695223
0.71231512
0.71327278
0.71633729
0.71691189
0.71748649
0.72323181
0.72418947
0.72495560
0.72955300
0.73357517
0.73453283
0.73721428
0.74123645
0.74200258
0.74353484
0.74506709
0.74928080
0.75081305
0.75157918
0.75943199
0.76115578
0.76230497
0.76326263
0.77169004
0.77686140
0.77820213
0.78011745
0.78318196
0.78682107
0.78777873
0.78892792
0.79180090
0.79314162
0.79524847
0.79754686
0.80080290
0.80252669
0.80425048
0.80482507
0.80539967
0.80674039
0.80750652
0.80923031
0.81363618
0.81535997
0.81612610
0.81727529
0.81880755
0.82742649
0.83125776
0.84045130
0.84198356
0.84428194
0.84504807
0.84562266
0.84619726
0.84696339
0.85290088
0.85443313
0.85500773
0.85653999
0.86151982
0.87052246
0.87282084
0.87454463
0.87569382
0.87856680
0.87914140
0.87952446
0.88029059
0.88143978
0.88220591
0.88354664
0.88584502
0.88680268
0.88756881
0.89523009
0.89657081
0.90116758
0.90193371
0.90327443
0.90499886
0.90653111
0.90748877
0.90902103
0.91036175
0.91131941
0.91189401
0.91438392
0.91840610
0.92281197
0.92357810
0.92434423
0.92549342
0.92740874
0.92855793
0.92913253
0.93028172
0.93277163
0.93372929
0.93526155
0.93832606
0.93909219
0.93985832
0.94177364
0.94426355
0.94637040
0.94905185
0.95230790
0.95537241
0.95652160
0.96284216
0.96341675
0.96648126
0.96877965
0.97107803
0.97337705
0.97414318
0.97471778
0.97912301
0.98410285
0.98659276
0.98812502
0.98984880
0.99559476
0.99712702
0.99770162
0.99980847
