0.00005336
0.00074698
0.00122717
0.00144060
0.00170737
0.00474863
0.00485534
0.00538889
0.00730969
0.00800331
0.00901706
0.00933719
0.00997746
0.01088468
0.01136488
0.01195196
0.01227210
0.01259223
0.01275230
0.01365934
0.01403283
0.01413954
0.01440631
0.01515347
0.01563367
0.01718097
0.01787459
0.01915512
0.01958196
0.01995545
0.02128952
0.02224991
0.02262340
0.02363733
0.02417088
0.02433095
0.02459773
0.02539806
0.02555812
0.02603832
0.02646517
0.02694554
0.02715896
0.02854620
0.02897305
0.02907976
0.02945325
0.03105391
0.03121397
0.03158746
0.03206766
0.03254786
0.03388174
0.03510910
0.03564265
0.03628292
0.03665640
0.03676311
0.03777687
0.03815035
0.03900404
0.03943088
0.03996444
0.04017786
0.04039128
0.04092483
0.04103155
0.04167181
0.04247214
0.04295234
0.04380603
0.04407280
0.04503320
0.04524662
0.04599360
0.04652715
0.04679393
0.04807446
0.04834123
0.04850130
0.04908839
0.04978201
0.05015550
0.05031556
0.05058234
0.05100918
0.05122260
0.05469070
0.05506419
0.05538433
0.05682492
0.05730512
0.05767861
0.05906585
0.05933262
0.05965276
0.06002624
0.06034638
0.06045309
0.06184033
0.06237388
0.06264066
0.06306750
0.06322757
0.06360106
0.06600205
0.06632218
0.06658896
0.06680238
0.06829633
0.06893660
0.06915002
0.06995035
0.07027048
0.07117752
0.07144430
0.07192450
0.07379194
0.07395200
0.07427214
0.07448556
0.07469898
0.07523253
0.07565938
0.07699326
0.07742010
0.07928754
0.07955432
0.07982110
0.08014123
0.08035465
0.08131505
0.08206220
0.08248904
0.08398300
0.08531688
0.08574372
0.08601050
0.08617057
0.08643734
0.08723750
0.08830460
0.08846467
0.08899822
0.08947842
0.08974520
0.09134586
0.09155928
0.09289317
0.09342672
0.09753509
0.09796193
0.09881562
0.09934917
0.10030957
0.10153674
0.10196376
0.10217719
0.10244396
0.10255067
0.10345771
0.10377785
0.10452482
0.10479178
0.10516527
0.10537869
0.10671257
0.10761961
0.10783304
0.10799310
0.10831323
0.10858001
0.10874008
0.10895350
0.10916692
0.11135449
0.11172798
0.11199476
0.11242160
0.11274173
0.11284844
0.11300851
0.11348888
0.11364895
0.11391573
0.11407579
0.11434257
0.11514290
0.11599659
0.11770396
0.11791738
0.11818416
0.11850429
0.11909120
0.11983818
0.12015831
0.12058515
0.12095864
0.12159891
0.12186568
0.12234588
0.12389319
0.12421332
0.12464016
0.12560056
0.12608076
0.12645425
0.12816162
0.12858846
0.12901531
0.12970893
0.12992235
0.13045590
0.13146965
0.13301696
0.13317703
0.13371058
0.13408407
0.13440420
0.13493775
0.13584480
0.13595151
0.13648506
0.13680519
0.13701861
0.13856592
0.13883270
0.13899276
0.13984645
0.14011323
0.14043336
0.14091356
0.14224762
0.14283453
0.14320802
0.14416842
0.14475532
0.14486204
0.14523552
0.14571572
0.14608921
0.14656941
0.15073113
0.15163817
0.15179824
0.15233179
0.15350579
0.15585343
0.15638680
0.15665358
0.15708042
0.15750726
0.15841431
0.15862773
0.15884115
0.15916110
0.15958795
0.15980137
0.16006815
0.16028157
0.16150874
0.16177552
0.16193558
0.16220236
0.16278927
0.16310940
0.16364296
0.16380302
0.16460335
0.16529697
0.16572382
0.16636408
0.16684428
0.16732448
0.16743119
0.16785803
0.16828488
0.16855165
0.16876507
0.16897850
0.16919192
0.16956541
0.17116607
0.17159291
0.17346035
0.17383384
0.17410061
0.17447410
0.17474088
0.17495430
0.17527443
0.17548785
0.17602141
0.17623483
0.17671503
0.17719523
0.17756872
0.17783549
0.17804891
0.18018313
0.18044991
0.18151701
0.18178379
0.18215728
0.18231735
0.18279754
0.18322439
0.18397136
0.18413143
0.18487840
0.18770624
0.18823979
0.19192149
0.19266847
0.19309531
0.19341545
0.19389564
0.19416242
0.19464262
0.19480269
0.19512282
0.19565637
0.19634999
0.19693690
0.19843085
0.19869763
0.19955132
0.19971138
0.19987145
0.20147193
0.20173871
0.20195213
0.20323284
0.20435330
0.20462008
0.20536705
0.20648752
0.20670094
0.20712778
0.20755463
0.20872844
0.20915529
0.20936871
0.21155628
0.21203648
0.21235661
0.21262339
0.21497103
0.21641162
0.21678511
0.21731866
0.21817235
0.21918610
0.21945288
0.21977301
0.22057334
0.22094683
0.22153374
0.22217400
0.22308105
0.22356124
0.22404144
0.22420151
0.22436158
0.22473506
0.22494848
0.22542868
0.22665604
0.22713623
0.22734966
0.22766979
0.22809663
0.23049762
0.23156491
0.23412597
0.23455281
0.23519308
0.23540650
0.23556656
0.23572663
0.23594005
0.23759407
0.23802091
0.23818098
0.23860782
0.23999506
0.24250294
0.24314321
0.24362341
0.24394354
0.24474387
0.24490394
0.24501065
0.24522407
0.24554420
0.24575762
0.24613111
0.24677138
0.24703815
0.24725157
0.24938579
0.24975928
0.25103981
0.25125323
0.25162672
0.25210709
0.25253394
0.25280071
0.25322756
0.25360104
0.25386782
0.25402789
0.25472151
0.25584197
0.25706932
0.25728274
0.25749617
0.25781630
0.25834985
0.25866998
0.25883005
0.25915018
0.25984380
0.26011058
0.26053742
0.26139111
0.26160453
0.26181795
0.26235151
0.26304513
0.26363204
0.26437901
0.26528605
0.26613974
0.26645987
0.26822060
0.26838067
0.26923435
0.26987462
0.27051488
0.27115533
0.27136875
0.27152881
0.27275599
0.27414323
0.27483685
0.27526369
0.27574389
0.27734455
0.27777139
0.27793146
0.27851837
0.27958548
0.28230660
0.28252002
0.28380055
0.28417404
0.28502773
0.28604148
0.28641497
0.28668175
0.28726865
0.28897603
0.28956294
0.29020320
0.29063004
0.29084347
0.29095018
0.29191057
0.29217735
0.29244413
0.29281762
0.29303104
0.29367130
0.29436492
0.29473841
0.29511190
0.29532532
0.29575216
0.29793973
0.29858000
0.29900684
0.29959375
0.29980717
0.30108788
0.30140801
0.30199492
0.30220834
0.30311539
0.30332881
0.30354223
0.30370229
0.30391572
0.30466269
0.30546302
0.30588987
0.30604993
0.30797073
0.30818415
0.30834421
0.30903766
0.30962457
0.31021147
0.31042490
0.31063832
0.31106516
0.31149200
0.31181214
0.31298596
0.31357286
0.31378629
0.31431984
0.31469333
0.31592050
0.31608057
0.31640070
0.31656077
0.31666748
0.31682754
0.31789465
0.31960202
0.32136275
0.32157617
0.32200302
0.32258993
0.32333690
0.32360368
0.32445754
0.32467097
0.32563136
0.32616492
0.32637834
0.32669865
0.32680536
0.32712549
0.32824595
0.32861944
0.32920635
0.32952666
0.32984679
0.32995351
0.33214108
0.33235450
0.33283470
0.33304812
0.33326154
0.33406187
0.33486220
0.33614273
0.33646286
0.33683635
0.33801017
0.33913081
0.33929088
0.34030463
0.34057141
0.34089172
0.34158534
0.34270580
0.34291922
0.34355949
0.34403969
0.34457324
0.34478666
0.34521350
0.34548028
0.34617390
0.34708077
0.34750761
0.34878814
0.34926834
0.34964182
0.34996196
0.35022873
0.35172268
0.35449717
0.35481730
0.35524414
0.35556427
0.35583105
0.35625807
0.35652485
0.35807216
0.35908591
0.35929933
0.35951275
0.35983288
0.36052650
0.36073992
0.36164714
0.36207399
0.36234076
0.36250083
0.36282096
0.36292767
0.36335452
0.36410149
0.36479511
0.36511525
0.36602229
0.36650249
0.36671591
0.36703604
0.36735617
0.36799644
0.36906354
0.36927697
0.36959710
0.36970381
0.37061085
0.37135783
0.37151789
0.37429255
0.37503953
0.37706703
0.37808078
0.38032189
0.38048213
0.38064220
0.38106904
0.38128246
0.38181602
0.38192273
0.38202944
0.38250964
0.38427054
0.38448397
0.38469739
0.38491081
0.38645812
0.38677825
0.38715174
0.38789871
0.38853898
0.38933931
0.38960608
0.38987286
0.38997957
0.39045977
0.39072655
0.39152688
0.39184701
0.39296747
0.39344767
0.39360738
0.39414094
0.39520804
0.39600838
0.39616844
0.39894292
0.39915634
0.39952983
0.39984996
0.39995667
0.40027681
0.40049023
0.40145063
0.40177076
0.40198418
0.40491873
0.40550564
0.40619926
0.40785327
0.40849372
0.40892074
0.40950765
0.40972107
0.41041469
0.41105495
0.41121502
0.41153515
0.41185528
0.41206871
0.41228213
0.41313581
0.41377608
0.41404286
0.41441634
0.41494990
0.41505661
0.41559016
0.41708411
0.41745760
0.41788444
0.41836464
0.41916497
0.41964517
0.41985859
0.42055221
0.42204616
0.42236630
0.42471393
0.42498071
0.42514078
0.42556762
0.42578104
0.42700822
0.42732835
0.42887566
0.42908908
0.42930250
0.43020954
0.43298402
0.43357093
0.43410448
0.43479810
0.43527830
0.43559844
0.43575850
0.43623870
0.43826620
0.43986687
0.44040042
0.44082726
0.44104069
0.44141417
0.44328161
0.44360174
0.44488227
0.44616280
0.44760340
0.44920406
0.45016446
0.45043124
0.45123157
0.45139163
0.45208525
0.45240538
0.45267216
0.45283223
0.45304565
0.45416611
0.45437953
0.45501980
0.45592702
0.45640722
0.45672735
0.45854143
0.45944847
0.46072900
0.46190282
0.46254309
0.46329006
0.46457059
0.46505079
0.46531757
0.46558435
0.46643803
0.46659810
0.46681152
0.46990613
0.47033298
0.47086653
0.47225395
0.47358783
0.47380125
0.47406803
0.47470830
0.47550863
0.47577540
0.47646902
0.47689587
0.47870995
0.47913679
0.47935022
0.47956364
0.47983041
0.48015055
0.48025726
0.48159114
0.48185792
0.48201799
0.48287167
0.48329869
0.48447251
0.48569969
0.48650002
0.48735388
0.48762066
0.48772737
0.48820757
0.48842099
0.48868777
0.48895454
0.48959481
0.49060874
0.49114229
0.49135571
0.49162249
0.49199598
0.49220940
0.49290302
0.49332986
0.49348993
0.49407684
0.49445033
0.49482381
0.49562415
0.49605099
0.49626441
0.49653119
0.49679796
0.49807849
0.49839863
0.49861205
0.49898554
0.49925231
0.50053284
0.50101304
0.50117311
0.50138653
0.50154659
0.50176002
0.50208015
0.50240028
0.50453467
0.50549507
0.50586874
0.50602880
0.50624223
0.50634894
0.50650900
0.51035077
0.51077761
0.51141788
0.51184472
0.51216485
0.51243163
0.51285847
0.51360545
0.51381887
0.51445913
0.51584637
0.51638011
0.51654017
0.51702037
0.51808748
0.51851432
0.51899452
0.51915459
0.51995492
0.52022169
0.52043512
0.52091532
0.52128880
0.52155558
0.52182236
0.52203578
0.52288946
0.52315624
0.52342302
0.52384986
0.52416999
0.52470355
0.52507704
0.52545052
0.52566395
0.52587737
0.52651763
0.52705119
0.52811829
0.52870520
0.53014580
0.53158657
0.53179999
0.53201342
0.53308052
0.53324059
0.53382750
0.53452130
0.53484143
0.53526827
0.53601525
0.53617531
0.53670887
0.53889662
0.53911004
0.53937682
0.53953688
0.54055063
0.54225801
0.54263150
0.54284492
0.54316505
0.54332512
0.54385867
0.54407209
0.54428551
0.54444558
0.54519255
0.54545933
0.54556604
0.54689993
0.54738013
0.54786032
0.54796703
0.54839388
0.54940763
0.54983447
0.55020796
0.55074152
0.55234218
0.55266231
0.55399619
0.55415626
0.55452975
0.55484988
0.55522337
0.55639719
0.55677068
0.55725087
0.55778443
0.55831798
0.55901160
0.56018542
0.56087904
0.56247970
0.56381359
0.56402701
0.56498741
0.56520083
0.56578774
0.56600116
0.56722833
0.56770853
0.56813537
0.56834880
0.56877564
0.57090985
0.57117663
0.57192361
0.57219038
0.57240381
0.57379105
0.57459138
0.57480480
0.57779270
0.57827290
0.57869974
0.57891316
0.57971350
0.58003363
0.58067389
0.58115409
0.58259469
0.58334166
0.58350173
0.58403528
0.58499568
0.58558259
0.58606279
0.58734332
0.58803694
0.58830371
0.58883727
0.58937082
0.58990438
0.59017115
0.59091813
0.59182517
0.59347919
0.59443958
0.59566676
0.59641391
0.59726760
0.59806793
0.59913522
0.59934864
0.60052246
0.60068252
0.60174963
0.60222983
0.60249661
0.60308351
0.60361707
0.60393720
0.60415062
0.60441740
0.60452411
0.60473753
0.60628484
0.60671168
0.60697846
0.60719188
0.60740530
0.60761872
0.60831234
0.60857912
0.61076687
0.61098029
0.61140713
0.61162056
0.61183398
0.61231418
0.61316786
0.61348799
0.61386148
0.61402155
0.61450175
0.61514201
0.61615576
0.61636919
0.61828998
0.61855694
0.61935727
0.62042437
0.62063833
0.62138531
0.62186550
0.62223899
0.62277255
0.62373294
0.62389301
0.62405308
0.62463998
0.62480005
0.62506683
0.62517354
0.62544032
0.62586716
0.62602722
0.62682756
0.62704098
0.62752118
0.62773460
0.62810809
0.62858828
0.62896177
0.62981546
0.63034883
0.63072232
0.63104245
0.63120252
0.63141594
0.63210956
0.63242969
0.63392365
0.63435049
0.63584444
0.63605786
0.63675148
0.63691155
0.63792530
0.63909912
0.63920583
0.64117998
0.64155347
0.64187360
0.64251386
0.64283400
0.64390110
0.64443466
0.64475479
0.64496821
0.64512828
0.64566183
0.64592861
0.64630210
0.64651552
0.64806283
0.64832960
0.64854302
0.64896987
0.64982355
0.65009033
0.65041046
0.65094402
0.65110408
0.65169099
0.65238461
0.65259803
0.65377203
0.65425223
0.65595960
0.65622638
0.65708007
0.65750691
0.65766697
0.65788040
0.65830724
0.65996126
0.66049481
0.66284245
0.66326929
0.66444311
0.66583035
0.66604377
0.66620384
0.66684410
0.66753772
0.66839141
0.66956523
0.67047245
0.67201975
0.67217982
0.67249995
0.67287344
0.67319357
0.67383384
0.67431404
0.67447410
0.67538114
0.67570128
0.67719523
0.67783549
0.68007642
0.68034320
0.68098346
0.68151701
0.68173044
0.68194386
0.68215728
0.68258412
0.68285090
0.68365123
0.68386465
0.68397136
0.68418478
0.68551867
0.68631900
0.68653242
0.68711933
0.68759953
0.68861328
0.68893341
0.68920019
0.68941361
0.69096092
0.69160118
0.69197467
0.69368204
0.69400218
0.69490922
0.69506928
0.69522935
0.69618975
0.69645653
0.69704343
0.69832396
0.69896423
0.69944443
0.70040482
0.70120516
0.70131187
0.70189878
0.70291253
0.70307259
0.70339273
0.70413970
0.70451319
0.70472661
0.70627392
0.70643398
0.70734103
0.70771451
0.70851484
0.70920846
0.71006215
0.71080913
0.71128933
0.71160946
0.71246314
0.71267657
0.71374367
0.71417052
0.71438394
0.71481096
0.71513109
0.71539787
0.71641162
0.71662504
0.71683846
0.71710542
0.71854602
0.71881279
0.71961312
0.72025339
0.72078694
0.72126714
0.72185405
0.72212083
0.72276109
0.72420169
0.72457517
0.72468189
0.72484195
0.72526879
0.72596242
0.72617584
0.72793656
0.72836341
0.72911056
0.72985754
0.73081793
0.73449946
0.73481959
0.73786085
0.73807427
0.73850111
0.73876789
0.73892795
0.73994171
0.74010177
0.74026184
0.74228934
0.74394336
0.74415696
0.74442374
0.74469051
0.74554420
0.74629118
0.74693144
0.74821197
0.74842539
0.74986599
0.75039954
0.75061296
0.75210691
0.75258711
0.75418778
0.75514817
0.75546830
0.75690890
0.75829614
0.75888305
0.75904312
0.75946996
0.75963003
0.76016358
0.76053707
0.76096391
0.76320484
0.76549912
0.76576590
0.76731320
0.76752662
0.76779340
0.76806018
0.77136821
0.77179506
0.77195512
0.77424958
0.77472978
0.77499656
0.77520998
0.77654386
0.77723748
0.77734420
0.77766433
0.77809117
0.77862472
0.77889150
0.77990525
0.78043881
0.78075894
0.78219954
0.78369349
0.78412033
0.78444046
0.78529415
0.78550757
0.78694817
0.78716159
0.78753508
0.78790856
0.78801527
0.78817534
0.78860218
0.78908238
0.79046962
0.79116324
0.79212364
0.79244377
0.79265719
0.79292397
0.79393772
0.79415114
0.79559192
0.79697934
0.79729965
0.79809998
0.79874024
0.79890031
0.79922044
0.79938051
0.79991406
0.80034090
0.80130130
0.80151472
0.80162143
0.80183486
0.80284861
0.80322192
0.80396889
0.80428903
0.80450245
0.80530278
0.80572962
0.80615646
0.80663666
0.80727693
0.80839757
0.80903783
0.80930461
0.80978481
0.81005159
0.81069185
0.81133212
0.81159889
0.81405324
0.81421331
0.81442673
0.81464015
0.81538713
0.81576061
0.81618746
0.81741463
0.81773476
0.81789483
0.81810825
0.81869516
0.81906865
0.81949549
0.82024247
0.82109615
0.82125622
0.82184313
0.82226997
0.82275017
0.82301695
0.82339044
0.82381728
0.82493774
0.82573807
0.82595149
0.82632498
0.82760551
0.82781893
0.82803236
0.82877933
0.82925953
0.82979308
0.83000650
0.83032664
0.83086019
0.83171406
0.83251439
0.83294123
0.83352814
0.83390163
0.83416840
0.83443518
0.83454189
0.83486202
0.83534222
0.83555564
0.83587578
0.83635597
0.83662275
0.83758315
0.83779657
0.83865026
0.83918381
0.83934388
0.83993079
0.84019756
0.84062441
0.84094454
0.84409251
0.84457271
0.84478613
0.84510626
0.84638679
0.84974818
0.85033509
0.85118877
0.85193575
0.85268273
0.85353641
0.85364312
0.85460352
0.85481694
0.85556410
0.85716476
0.85743153
0.85769831
0.85796509
0.85865871
0.85919226
0.85935233
0.85961911
0.85993924
0.86015284
0.86057968
0.86116659
0.86132666
0.86372783
0.86522178
0.86586204
0.86628889
0.86703586
0.86746270
0.86767613
0.86794290
0.86868988
0.86991705
0.87023719
0.87039725
0.87135765
0.87162443
0.87189120
0.87269153
0.87429220
0.87594621
0.87637306
0.87722674
0.87792036
0.88213544
0.88240222
0.88330944
0.88416312
0.88426983
0.88485674
0.88539030
0.88635069
0.88651076
0.88672418
0.88747116
0.88811142
0.88843155
0.88869833
0.88896511
0.88917853
0.89120603
0.89179294
0.89200636
0.89227314
0.89312683
0.89323354
0.89344696
0.89430082
0.89446089
0.89499444
0.89515451
0.89542129
0.89686188
0.89707531
0.89755550
0.89803570
0.89974308
0.90027663
0.90326471
0.90390497
0.90449188
0.90481202
0.90502544
0.90587912
0.90683952
0.90710630
0.90758650
0.90833347
0.90854689
0.90902709
0.90966736
0.90982742
0.91068111
0.91270879
0.91398932
0.91420274
0.91537656
0.91558998
0.91580341
0.91660374
0.91676380
0.91708393
0.91735071
0.91809769
0.91831111
0.91857789
0.92039197
0.92103223
0.92124566
0.92145908
0.92263307
0.92273978
0.92327334
0.92354012
0.92556762
0.92578104
0.92604782
0.92663473
0.92898237
0.92930250
0.92946256
0.93159678
0.93186356
0.93341086
0.93378435
0.93426455
0.93474475
0.93501153
0.93549172
0.93602528
0.93629206
0.93666554
0.93687896
0.93746587
0.93794607
0.93954691
0.93976033
0.93997376
0.94029389
0.94104086
0.94173448
0.94205462
0.94344186
0.94365528
0.94450896
0.94472239
0.94573632
0.94877775
0.94936466
0.95091197
0.95117874
0.95128546
0.95155223
0.95267270
0.95309954
0.95336632
0.95405994
0.95518040
0.95598073
0.95640757
0.95694113
0.95779481
0.95816830
0.95838172
0.95854179
0.95918205
0.95950219
0.95976896
0.96056929
0.96184982
0.96216996
0.96238338
0.96275687
0.96323724
0.96355737
0.96382415
0.96414428
0.96483790
0.96521139
0.96553152
0.96617179
0.96633186
0.96659863
0.96697230
0.96723907
0.96745250
0.96771927
0.96793270
0.96819947
0.96857296
0.96948000
0.96958671
0.97033369
0.97332177
0.97353519
0.97390868
0.97412210
0.97454894
0.97486907
0.97534945
0.97561623
0.97588301
0.97620314
0.97652327
0.97689676
0.97711018
0.97817729
0.97839071
0.97855077
0.97881755
0.97929775
0.98015144
0.98095177
0.98121854
0.98175210
0.98196552
0.98212559
0.98345947
0.98409991
0.98458011
0.98580729
0.98735459
0.98826163
0.98911532
0.99140960
0.99162302
0.99194316
0.99215658
0.99327704
0.99370389
0.99557132
0.99594481
0.99626494
0.99717199
0.99738541
0.99786578
0.99807921
0.99882618
0.99909296
0.99957316
0.99994664
