0.00018674
0.00109379
0.00178741
0.00216089
0.00237432
0.00365484
0.00445518
0.00680281
0.00792345
0.01139156
0.01176486
0.01213835
0.01283197
0.01352559
0.01384573
0.01517961
0.01533968
0.01571316
0.01640678
0.01763396
0.02094199
0.02136884
0.02147555
0.02243594
0.02376983
0.02681109
0.02873188
0.02931879
0.02990570
0.03118623
0.03139965
0.03166643
0.03241340
0.03278689
0.03294696
0.03337380
0.03406742
0.03438755
0.03454762
0.03470768
0.03524124
0.03540130
0.03700197
0.03769559
0.03881623
0.03934978
0.04009694
0.04169742
0.04191084
0.04276453
0.04297795
0.04351150
0.04431183
0.04489874
0.04511217
0.04564572
0.04585914
0.04617927
0.04692625
0.04724638
0.04745980
0.04756651
0.04767322
0.04788665
0.04858027
0.04884704
0.04954066
0.05044753
0.05124786
0.05215508
0.05231514
0.05279534
0.05348896
0.05402252
0.05434265
0.05466278
0.05503627
0.05546311
0.05594331
0.05679717
0.05754415
0.05775757
0.05791764
0.05834466
0.05845137
0.05866479
0.06005203
0.06026545
0.06042552
0.06074565
0.06154598
0.06309329
0.06512079
0.06613455
0.06629461
0.06640132
0.06682817
0.06720165
0.06757514
0.06864225
0.06917580
0.06949594
0.06965600
0.06986942
0.07200364
0.07237713
0.07259055
0.07381772
0.07408450
0.07504490
0.07531168
0.07669892
0.07733918
0.07744589
0.07845964
0.07861971
0.07893984
0.08006031
0.08043379
0.08123412
0.08230123
0.08294167
0.08395543
0.08416885
0.08438227
0.08640978
0.08656984
0.08678326
0.08721011
0.08753024
0.08859735
0.08902419
0.08998459
0.09046479
0.09078492
0.09105169
0.09233222
0.09286578
0.09329262
0.09371946
0.09441308
0.09468004
0.09500017
0.09548037
0.09654748
0.09708103
0.09761459
0.09782801
0.09814814
0.09884176
0.09937531
0.09964209
0.09990887
0.10028236
0.10065584
0.10343032
0.10391052
0.10417730
0.10471085
0.10497763
0.10513770
0.10577796
0.10721856
0.10748533
0.10791218
0.10817895
0.10839238
0.10860580
0.10881922
0.10945948
0.11004639
0.11090008
0.11164706
0.11175377
0.11223396
0.11372792
0.11394134
0.11447489
0.11815659
0.11842337
0.11874368
0.11917052
0.12002421
0.12274533
0.12295876
0.12370573
0.12402586
0.12429264
0.12466613
0.12535975
0.12551981
0.12653357
0.12680034
0.12706712
0.12744061
0.12765403
0.12802752
0.12824094
0.12930805
0.12952147
0.13005502
0.13128220
0.13330970
0.13448352
0.13496372
0.13539056
0.13571070
0.13635096
0.13651103
0.13683116
0.13869860
0.13949893
0.14035261
0.14056604
0.14152643
0.14173985
0.14195328
0.14286032
0.14312710
0.14328716
0.14350058
0.14382072
0.14408749
0.14462105
0.14542138
0.14696868
0.14734217
0.14771566
0.14835592
0.14931632
0.14952974
0.14995659
0.15075692
0.15299784
0.15379817
0.15475857
0.15518559
0.15534566
0.15614599
0.15635959
0.15651966
0.15673308
0.15694650
0.15892065
0.15918743
0.15940085
0.15972098
0.15998776
0.16014782
0.16030789
0.16169513
0.16233539
0.16276224
0.16302901
0.16313572
0.16334915
0.16489645
0.16548336
0.16601692
0.16676389
0.16719073
0.16825802
0.16857815
0.16932513
0.16953855
0.17007210
0.17071237
0.17204625
0.17236639
0.17322025
0.17418065
0.17471420
0.17626151
0.17732862
0.17770210
0.17834237
0.18004974
0.18020981
0.18042323
0.18095678
0.18170376
0.18191718
0.18255744
0.18277087
0.18319771
0.18341113
0.18426482
0.18495844
0.18575877
0.18639903
0.18671917
0.18730607
0.18773292
0.18938694
0.18960089
0.18986767
0.19008109
0.19077471
0.19141497
0.19178846
0.19194853
0.19205524
0.19280221
0.19322906
0.19338912
0.19381597
0.19440288
0.19493643
0.19509650
0.19536327
0.19616360
0.19632367
0.19675051
0.19904497
0.20043221
0.20053893
0.20080570
0.20155268
0.20176610
0.20197952
0.20219294
0.20256643
0.20272650
0.20293992
0.20309998
0.20358018
0.20416709
0.20454058
0.20475400
0.20502078
0.20523420
0.20736842
0.20784861
0.20811539
0.20827546
0.20902243
0.20960934
0.21040967
0.21083652
0.21131672
0.21206369
0.21249071
0.21259742
0.21270413
0.21345111
0.21371789
0.21414473
0.21462511
0.21617241
0.21723952
0.21745294
0.21771972
0.21798650
0.21937374
0.21969387
0.22102775
0.22145460
0.22193479
0.22225511
0.22406919
0.22454939
0.22481616
0.22566985
0.22625676
0.22652354
0.22689702
0.22705709
0.22727051
0.22748393
0.22764400
0.23015188
0.23089886
0.23143241
0.23164583
0.23223274
0.23260623
0.23281965
0.23303307
0.23367334
0.23404683
0.23458038
0.23490051
0.23506058
0.23548742
0.23607433
0.23740822
0.23826190
0.23858203
0.23884881
0.23922230
0.24002263
0.24076961
0.24103638
0.24130316
0.24253051
0.24279729
0.24557195
0.24589208
0.24690583
0.24733268
0.24898669
0.24936018
0.24962696
0.25245479
0.25325512
0.25346855
0.25448230
0.25496250
0.25517592
0.25634992
0.25677676
0.25832406
0.25848413
0.25971131
0.26003144
0.26024486
0.26083177
0.26104519
0.26147203
0.26179217
0.26296616
0.26312623
0.26483360
0.26499367
0.26670104
0.26691446
0.26734130
0.26760808
0.26910203
0.26931545
0.26942217
0.26963559
0.27016932
0.27038274
0.27064952
0.27112972
0.27150320
0.27176998
0.27209011
0.27427768
0.27475806
0.27561175
0.27582517
0.27630537
0.27817281
0.27854629
0.27881307
0.27897314
0.27923991
0.27977347
0.27998689
0.28158755
0.28206775
0.28281473
0.28537578
0.28590934
0.28654960
0.28953751
0.29017777
0.29033784
0.29124506
0.29215210
0.29241887
0.29289907
0.29321921
0.29385947
0.29401954
0.29423314
0.29476669
0.29503347
0.29535360
0.29562038
0.29620729
0.29647406
0.29674084
0.29732775
0.29807472
0.29839486
0.29882170
0.29962203
0.30090256
0.30106263
0.30228980
0.30271664
0.30309013
0.30437066
0.30458408
0.30495757
0.30511764
0.30543777
0.30591797
0.30613139
0.30634481
0.30682501
0.30714514
0.30751863
0.30794547
0.30826561
0.30847903
0.30895923
0.30911929
0.31045318
0.31066660
0.31098673
0.31125351
0.31157364
0.31242733
0.31264075
0.31360114
0.31434812
0.31514845
0.31589543
0.31685582
0.31760280
0.31776287
0.31802964
0.31866991
0.31893668
0.32261821
0.32395227
0.32405898
0.32491267
0.32528615
0.32619320
0.32640662
0.32683346
0.32747373
0.32795410
0.32880779
0.32950141
0.32966148
0.33003496
0.33035510
0.33136885
0.33158227
0.33179569
0.33216918
0.33227589
0.33360977
0.33457017
0.33489030
0.33622437
0.33638443
0.33649114
0.33750490
0.33766496
0.33830523
0.33851865
0.34001260
0.34065286
0.34107971
0.34188004
0.34262719
0.34342752
0.34422785
0.34444128
0.34470805
0.34518825
0.34534832
0.34550838
0.34572181
0.34598858
0.34636207
0.34657549
0.34689562
0.34764260
0.34817615
0.34849629
0.34881642
0.35020366
0.35169761
0.35212445
0.35244459
0.35287143
0.35345834
0.35367176
0.35521907
0.35671302
0.35751335
0.35767341
0.35788684
0.35810026
0.35890059
0.35991452
0.36044807
0.36130176
0.36172860
0.36290260
0.36311602
0.36375629
0.36402324
0.36423666
0.36562390
0.36605075
0.36631752
0.36759805
0.36861180
0.36887858
0.36925207
0.36994569
0.37122640
0.37256028
0.37357403
0.37448108
0.37490792
0.37528141
0.37581496
0.37602838
0.37656194
0.37768240
0.37880286
0.37944313
0.37965655
0.37981662
0.38029681
0.38040352
0.38093708
0.38109714
0.38131057
0.38168405
0.38195083
0.38264445
0.38307129
0.38333825
0.38381845
0.38403187
0.38419194
0.38445871
0.38680635
0.38701977
0.38723319
0.38749997
0.38771339
0.38824695
0.38942076
0.39075465
0.39096807
0.39112814
0.39203536
0.39230213
0.39246220
0.39262227
0.39347595
0.39443635
0.39507661
0.39683734
0.39699741
0.39747761
0.39769103
0.39811787
0.39875814
0.39897156
0.39907827
0.39934505
0.39961182
0.40046551
0.40142591
0.40185275
0.40329352
0.40393379
0.40430728
0.40468076
0.40542774
0.40590794
0.40617471
0.40644149
0.40660156
0.40729518
0.40836246
0.40846917
0.40932286
0.41081681
0.41151043
0.41257754
0.41332452
0.41359129
0.41385807
0.41412485
0.41529867
0.41551209
0.41609900
0.41625906
0.41679262
0.41727282
0.41753959
0.41823321
0.41855334
0.41903354
0.41956692
0.41978034
0.42191473
0.42202145
0.42271507
0.42319526
0.42346204
0.42372882
0.42399560
0.42420902
0.42522277
0.42570297
0.42591639
0.42767712
0.42810396
0.42895782
0.42917125
0.42949138
0.43002493
0.43055849
0.43077191
0.43173231
0.43215915
0.43237257
0.43317290
0.43375981
0.43434672
0.43461350
0.43498698
0.43541383
0.43562725
0.43605409
0.43626751
0.43696113
0.43792153
0.43920206
0.43941548
0.44064266
0.44101614
0.44176312
0.44186983
0.44208325
0.44235003
0.44256345
0.44320372
0.44352385
0.44373727
0.44400405
0.44523122
0.44603155
0.44624497
0.44763239
0.44784581
0.44832601
0.44864614
0.44923305
0.44949983
0.44987332
0.45003338
0.45024681
0.45088707
0.45131391
0.45195418
0.45222096
0.45302129
0.45312800
0.45376826
0.45398168
0.45414175
0.45440853
0.45494208
0.45664945
0.45739643
0.45867696
0.45899709
0.45963736
0.45990413
0.46011755
0.46027762
0.46145144
0.46161151
0.46203835
0.46326570
0.46529321
0.46550663
0.46630696
0.46657373
0.46700058
0.46737407
0.46822775
0.46886802
0.46988177
0.47046868
0.47062874
0.47078881
0.47137572
0.47158914
0.47180256
0.47361665
0.47388342
0.47436362
0.47457704
0.47516395
0.47569751
0.47591093
0.47617771
0.47655137
0.47676479
0.47692486
0.47820539
0.47863223
0.47911243
0.47921914
0.47959263
0.48023289
0.48044632
0.48071309
0.48455486
0.48535519
0.48578203
0.48588874
0.48828974
0.49047749
0.49207815
0.49298519
0.49410565
0.49437243
0.49469256
0.49517276
0.49581303
0.49607980
0.49656000
0.49693349
0.49736033
0.49784053
0.49832073
0.49922777
0.50013481
0.50034823
0.50066837
0.50082843
0.50168212
0.50184219
0.50210896
0.50232238
0.50536382
0.50563060
0.50605744
0.50648428
0.50659099
0.50829837
0.50856514
0.50973896
0.51000574
0.51128627
0.51272686
0.51358055
0.51390086
0.51422099
0.51464784
0.51587501
0.51608843
0.51630185
0.51683541
0.51699547
0.51774245
0.51806258
0.51832936
0.51907633
0.52057029
0.52110384
0.52147733
0.52169075
0.52190417
0.52254444
0.52270450
0.52281121
0.52323806
0.52345148
0.52398503
0.52446523
0.52467865
0.52558569
0.52617260
0.52659945
0.52702629
0.52729307
0.52761320
0.52782662
0.52809340
0.52852024
0.52873366
0.52921386
0.53134808
0.53166821
0.53252189
0.53332223
0.53369571
0.53396249
0.53556315
0.53684368
0.53727052
0.53759066
0.53812421
0.53833763
0.53903125
0.54015172
0.54079198
0.54127218
0.54201915
0.54249935
0.54260606
0.54420673
0.54447350
0.54458021
0.54522048
0.54543390
0.54650101
0.54671443
0.54687450
0.54714127
0.54836845
0.54890200
0.54911542
0.55050284
0.55141006
0.55157013
0.55290401
0.55333085
0.55359763
0.55407783
0.55493152
0.55514494
0.55551843
0.55599862
0.55647882
0.55674560
0.55695902
0.55850633
0.55887982
0.55903953
0.55946637
0.56090696
0.56133381
0.56368145
0.56394822
0.56810994
0.56939047
0.56981732
0.57035087
0.57093778
0.57131127
0.57173811
0.57189818
0.57216495
0.57371226
0.57499279
0.57600654
0.57670016
0.57835418
0.57974142
0.58000820
0.58080853
0.58198235
0.58283603
0.58299610
0.58320952
0.58374307
0.58395650
0.58438352
0.58550398
0.58582411
0.58609089
0.58641084
0.58705111
0.58721117
0.58742460
0.58753131
0.58785144
0.58806486
0.58859841
0.59094605
0.59115947
0.59158632
0.59201316
0.59238665
0.59270678
0.59329369
0.59350711
0.59361382
0.59468093
0.59537455
0.59654837
0.59670861
0.59697539
0.59718881
0.59846934
0.59926949
0.59958963
0.60012300
0.60060320
0.60161713
0.60332450
0.60348457
0.60652583
0.60684596
0.60711274
0.60737951
0.60769982
0.60855369
0.60882047
0.60908724
0.60978086
0.61031442
0.61442278
0.61495634
0.61506305
0.61538318
0.61602344
0.61719726
0.61741068
0.61762411
0.61783753
0.61842444
0.62263951
0.62285293
0.62317307
0.62365327
0.62509386
0.62557406
0.62594755
0.62632104
0.62648110
0.62669452
0.62712137
0.62776163
0.62792170
0.62941565
0.63106967
0.63128309
0.63170993
0.63240355
0.63261697
0.63363072
0.63416428
0.63443106
0.63752567
0.63773909
0.63869949
0.63901962
0.63944646
0.63976660
0.64035350
0.64056693
0.64174075
0.64200752
0.64248772
0.64296792
0.64307463
0.64398167
0.64504878
0.64574258
0.64648955
0.64734324
0.64793015
0.64894408
0.64969106
0.65033132
0.65054474
0.65118501
0.65139843
0.65161185
0.65198534
0.65262560
0.65278567
0.65305244
0.65326587
0.65337258
0.65374607
0.65459975
0.65518666
0.65540008
0.65572021
0.65609388
0.65620059
0.65641401
0.65678750
0.65737441
0.65940209
0.65993565
0.66068262
0.66249671
0.66303026
0.66345710
0.66377724
0.66601834
0.66649854
0.66697874
0.66740558
0.66900642
0.66921984
0.66932655
0.66964669
0.66996682
0.67039366
0.67060708
0.67076715
0.67124735
0.67178090
0.67242117
0.67343492
0.67386176
0.67540907
0.67626275
0.67695637
0.67775671
0.67791677
0.67818355
0.67925066
0.68015770
0.68293218
0.68319896
0.68346573
0.68367915
0.68389258
0.68506639
0.68533317
0.68693383
0.68784088
0.68842778
0.68858785
0.68901469
0.68944172
0.69008198
0.69056218
0.69125562
0.69146904
0.69210931
0.69237608
0.69296299
0.69317641
0.69370997
0.69392339
0.69504385
0.69525728
0.69573747
0.69605761
0.69659116
0.69680458
0.69701800
0.69877891
0.70032622
0.70107319
0.70139332
0.70166010
0.70214048
0.70235390
0.70262068
0.70294081
0.70331430
0.70443476
0.70598207
0.70646226
0.70667569
0.70763608
0.70800957
0.70827635
0.70854312
0.70875655
0.70886326
0.71030385
0.71051727
0.71078405
0.71105083
0.71238471
0.71297162
0.71451893
0.71547933
0.71558604
0.71579946
0.71622630
0.71659979
0.71718670
0.71745348
0.71766690
0.71788032
0.71814710
0.71857394
0.71953434
0.71985447
0.72022796
0.72044138
0.72054809
0.72182862
0.72294908
0.72348264
0.72369606
0.72390948
0.72417626
0.72551014
0.72577692
0.72716416
0.72769771
0.72849804
0.72892489
0.72945844
0.73089904
0.73105910
0.73143259
0.73185943
0.73271312
0.73495405
0.73532753
0.73570102
0.73623458
0.73639464
0.73687484
0.73847550
0.73922266
0.73970285
0.74125016
0.74162365
0.74173036
0.74205049
0.74295753
0.74322431
0.74359780
0.74391793
0.74423806
0.74562530
0.74583872
0.74599879
0.74647899
0.74701254
0.74717261
0.74920011
0.74957360
0.74973367
0.75005380
0.75090749
0.75186788
0.75218802
0.75277493
0.75341537
0.75581654
0.75795076
0.75805747
0.75891115
0.75912457
0.75944471
0.76067188
0.76088530
0.76317958
0.76344636
0.76376649
0.76430005
0.76472689
0.76510038
0.76552722
0.76680775
0.76712788
0.76750137
0.76771479
0.76787486
0.76872855
0.76904868
0.76942217
0.76968894
0.77022250
0.77048927
0.77192987
0.77385066
0.77433086
0.77491777
0.77641172
0.77662514
0.77705199
0.77806574
0.77833252
0.77881271
0.77939980
0.78254777
0.78425514
0.78761653
0.78777660
0.78804338
0.78964404
0.79007088
0.79092457
0.79140477
0.79439285
0.79471298
0.79540660
0.79588680
0.79658042
0.79743410
0.79812772
0.79866128
0.79898141
0.79924819
0.79946161
0.79994181
0.80047536
0.80138240
0.80154247
0.80186260
0.80218273
0.80373004
0.80479715
0.80506393
0.80570419
0.80597097
0.80629110
0.80778505
0.80826525
0.80874545
0.80917229
0.80991944
0.81007951
0.81109326
0.81157364
0.81194713
0.81242733
0.81258739
0.81301424
0.81461490
0.81498839
0.81568201
0.81600214
0.81664240
0.81808300
0.81856320
0.81872326
0.81893668
0.81920346
0.81957695
0.81979037
0.82000379
0.82021721
0.82091083
0.82107090
0.82144439
0.82160445
0.82347189
0.82384538
0.82416551
0.82496584
0.82528598
0.82656651
0.82672657
0.82848730
0.82912757
0.82928763
0.82987454
0.83008796
0.83051481
0.83206211
0.83291580
0.83521008
0.83574363
0.83611712
0.83638390
0.83665068
0.83686410
0.83846476
0.83899831
0.83915838
0.83958522
0.84001207
0.84033220
0.84070569
0.84118588
0.84214628
0.84262648
0.84353352
0.84374694
0.84465399
0.84497412
0.84556103
0.84625465
0.84700162
0.84774860
0.84822880
0.84849557
0.84881571
0.85025630
0.85110999
0.85164354
0.85292407
0.85308414
0.85340427
0.85431149
0.85463162
0.85479169
0.85724604
0.85767288
0.85788630
0.85804637
0.85820643
0.85906012
0.86002052
0.86028729
0.86268829
0.86364868
0.86412888
0.86444902
0.86476915
0.86572954
0.86658323
0.86690336
0.86727685
0.86770369
0.86823725
0.86871745
0.86893087
0.86919765
0.87021140
0.87239897
0.87255904
0.87314594
0.87335937
0.87554694
0.87618720
0.87656069
0.87730784
0.87810817
0.87880179
0.87960213
0.88050917
0.88061588
0.88098937
0.88136285
0.88285680
0.88301687
0.88339036
0.88387056
0.88509791
0.88536469
0.88557811
0.88568482
0.88595160
0.88781903
0.88797910
0.88835259
0.88851265
0.88995343
0.89038027
0.89059369
0.89080711
0.89123396
0.89192758
0.89251449
0.89336817
0.89432857
0.89624936
0.89795674
0.89843694
0.90009095
0.90115806
0.90131813
0.90174497
0.90195839
0.90281208
0.90302550
0.90414596
0.90489294
0.90515972
0.90531978
0.90542649
0.90596005
0.90628018
0.90665367
0.90686709
0.90814762
0.90841440
0.90889459
0.90937479
0.90964157
0.91001506
0.91065532
0.91092210
0.91166907
0.91465715
0.91513735
0.91529742
0.91561755
0.91609775
0.91631117
0.91743164
0.91775177
0.91865881
0.91903230
0.91924572
0.91967256
0.91988598
0.92266046
0.92356751
0.92426113
0.92468797
0.92495475
0.92522152
0.92570172
0.92714232
0.92740909
0.92772923
0.92799600
0.92959667
0.93109062
0.93135739
0.93189095
0.93210437
0.93285134
0.93301141
0.93333154
0.93365168
0.93402516
0.93418523
0.93477214
0.93509227
0.93743991
0.93770669
0.93850702
0.93930735
0.93973419
0.93989426
0.94016103
0.94069459
0.94117479
0.94133485
0.94176170
0.94234878
0.94293569
0.94325582
0.94410951
0.94453635
0.94528333
0.94549675
0.94581688
0.94709759
0.94779121
0.94805799
0.94896503
0.94944523
0.94987207
0.95045898
0.95077911
0.95099253
0.95152609
0.95184622
0.95227306
0.95259320
0.95296668
0.95355359
0.95403379
0.95424721
0.95435392
0.95654150
0.95771531
0.95856900
0.95878242
0.96064986
0.96096999
0.96123677
0.96145019
0.96209046
0.96235723
0.96267737
0.96299750
0.96310421
0.96363776
0.96390454
0.96422467
0.96502500
0.96603876
0.96678573
0.96699915
0.96726593
0.96769277
0.96801291
0.96881324
0.96908001
0.97052061
0.97121423
0.97164107
0.97206792
0.97254811
0.97286825
0.97329509
0.97473569
0.97505582
0.97601622
0.97649641
0.97681655
0.97708332
0.97756352
0.97831050
0.97879087
0.97921772
0.97964456
0.97980463
0.98145864
0.98167207
0.98183213
0.98215226
0.98263246
0.98380628
0.98401970
0.98433984
0.98455326
0.98471332
0.98535377
0.98562054
0.98700778
0.98791482
0.98924871
0.98967555
0.99186330
0.99250357
0.99298377
0.99346396
0.99367739
0.99437101
0.99559818
0.99655858
0.99949312
0.99981326
