0.00096244
0.01347415
0.02213610
0.02598586
0.03079805
0.08565709
0.08758197
0.09720636
0.13185417
0.14436588
0.16265222
0.16842686
0.17997613
0.19634080
0.20500276
0.21559280
0.22136743
0.22714207
0.23002939
0.24639085
0.25312793
0.25505281
0.25986500
0.27334236
0.28200431
0.30991505
0.32242676
0.34552530
0.35322481
0.35996189
0.38402608
0.40134998
0.40808706
0.42637661
0.43600101
0.43888832
0.44370052
0.45813711
0.46102442
0.46968638
0.47738589
0.48605106
0.48990081
0.51492423
0.52262374
0.52454862
0.53128570
0.56015887
0.56304619
0.56978326
0.57844522
0.58710717
0.61116815
0.63330746
0.64293185
0.65448112
0.66121820
0.66314308
0.68142942
0.68816649
0.70356552
0.71126503
0.72088943
0.72473918
0.72858894
0.73821333
0.74013821
0.75168748
0.76612407
0.77478602
0.79018505
0.79499724
0.81232115
0.81617091
0.82964505
0.83926945
0.84408164
0.86718018
0.87199238
0.87487970
0.88546974
0.89798145
0.90471852
0.90760584
0.91241803
0.92011755
0.92396730
0.98652585
0.99326293
0.99903756
