0.00012766
0.00178729
0.00293626
0.00344691
0.00408523
0.01136205
0.01161738
0.01289401
0.01748990
0.01914952
0.02157513
0.02234111
0.02387307
0.02604378
0.02719275
0.02859747
0.02936345
0.03012943
0.03051242
0.03268270
0.03357635
0.03383168
0.03446999
0.03625771
0.03740668
0.04110892
0.04276855
0.04583247
0.04685378
0.04774742
0.05093943
0.05323738
0.05413102
0.05655705
0.05783369
0.05821668
0.05885500
0.06076995
0.06115294
0.06230191
0.06332322
0.06447262
0.06498327
0.06830252
0.06932383
0.06957915
0.07047280
0.07430270
0.07468569
0.07557934
0.07672831
0.07787728
0.08106887
0.08400555
0.08528219
0.08681415
0.08770780
0.08796312
0.09038873
0.09128237
0.09332499
0.09434630
0.09562293
0.09613359
0.09664424
0.09792087
0.09817620
0.09970816
0.10162312
0.10277209
0.10481470
0.10545302
0.10775096
0.10826162
0.11004891
0.11132554
0.11196386
0.11502778
0.11566610
0.11604909
0.11745381
0.11911344
0.12000708
0.12039007
0.12102839
0.12204970
0.12256035
0.13085848
0.13175212
0.13251810
0.13596502
0.13711399
0.13800763
0.14132689
0.14196520
0.14273118
0.14362483
0.14439081
0.14464614
0.14796539
0.14924202
0.14988034
0.15090165
0.15128464
0.15217828
0.15792314
0.15868912
0.15932744
0.15983809
0.16341267
0.16494463
0.16545528
0.16737024
0.16813622
0.17030650
0.17094481
0.17209378
0.17656201
0.17694500
0.17771098
0.17822163
0.17873229
0.18000892
0.18103023
0.18422182
0.18524312
0.18971135
0.19034966
0.19098798
0.19175396
0.19226462
0.19456256
0.19635027
0.19737158
0.20094616
0.20413775
0.20515905
0.20579737
0.20618036
0.20681868
0.20873320
0.21128647
0.21166946
0.21294610
0.21409507
0.21473339
0.21856329
0.21907395
0.22226553
0.22354217
0.23337226
0.23439357
0.23643618
0.23771282
0.24001076
0.24294702
0.24396875
0.24447941
0.24511772
0.24537305
0.24754333
0.24830931
0.25009660
0.25073534
0.25162899
0.25213964
0.25533123
0.25750151
0.25801216
0.25839515
0.25916113
0.25979945
0.26018244
0.26069309
0.26120375
0.26643795
0.26733160
0.26796991
0.26899122
0.26975720
0.27001253
0.27039552
0.27154492
0.27192791
0.27256622
0.27294922
0.27358753
0.27550249
0.27754510
0.28163033
0.28214099
0.28277930
0.28354528
0.28494958
0.28673687
0.28750285
0.28852416
0.28941780
0.29094977
0.29158808
0.29273706
0.29643930
0.29720528
0.29822659
0.30052453
0.30167350
0.30256714
0.30665238
0.30767368
0.30869499
0.31035462
0.31086527
0.31214190
0.31456751
0.31826975
0.31865274
0.31992938
0.32082302
0.32158900
0.32286564
0.32503592
0.32529124
0.32656788
0.32733386
0.32784451
0.33154675
0.33218507
0.33256806
0.33461068
0.33524900
0.33601498
0.33716395
0.34035596
0.34176026
0.34265390
0.34495185
0.34635614
0.34661147
0.34750512
0.34865409
0.34954773
0.35069670
0.36065445
0.36282473
0.36320772
0.36448436
0.36729338
0.37291058
0.37418678
0.37482510
0.37584641
0.37686772
0.37903800
0.37954865
0.38005930
0.38082486
0.38184617
0.38235682
0.38299514
0.38350579
0.38644205
0.38708037
0.38746336
0.38810168
0.38950598
0.39027196
0.39154859
0.39193158
0.39384653
0.39550616
0.39652747
0.39805943
0.39920840
0.40035737
0.40061270
0.40163401
0.40265532
0.40329363
0.40380429
0.40431494
0.40482559
0.40571924
0.40954914
0.41057045
0.41503867
0.41593232
0.41657064
0.41746428
0.41810260
0.41861325
0.41937923
0.41988989
0.42116652
0.42167717
0.42282615
0.42397512
0.42486876
0.42550708
0.42601773
0.43112427
0.43176259
0.43431586
0.43495418
0.43584782
0.43623081
0.43737978
0.43840109
0.44018838
0.44057137
0.44235866
0.44912482
0.45040146
0.45921066
0.46099795
0.46201926
0.46278524
0.46393421
0.46457253
0.46572150
0.46610449
0.46687047
0.46814711
0.46980673
0.47121103
0.47478561
0.47542393
0.47746654
0.47784953
0.47823252
0.48206200
0.48270032
0.48321097
0.48627532
0.48895626
0.48959457
0.49138186
0.49406280
0.49457345
0.49559476
0.49661607
0.49942466
0.50044597
0.50095662
0.50619083
0.50733980
0.50810578
0.50874410
0.51436129
0.51780820
0.51870185
0.51997848
0.52202110
0.52444671
0.52508502
0.52585100
0.52776596
0.52865960
0.53006390
0.53159586
0.53376614
0.53491511
0.53606408
0.53644707
0.53683006
0.53772371
0.53823436
0.53938333
0.54232002
0.54346899
0.54397964
0.54474563
0.54576693
0.55151179
0.55406549
0.56019333
0.56121464
0.56274660
0.56325726
0.56364025
0.56402324
0.56453389
0.56849146
0.56951277
0.56989576
0.57091707
0.57423632
0.58023693
0.58176889
0.58291786
0.58368384
0.58559879
0.58598178
0.58623711
0.58674776
0.58751374
0.58802440
0.58891804
0.59045000
0.59108832
0.59159898
0.59670552
0.59759916
0.60066308
0.60117374
0.60206738
0.60321678
0.60423809
0.60487640
0.60589771
0.60679136
0.60742967
0.60781266
0.60947229
0.61215322
0.61508991
0.61560056
0.61611122
0.61687720
0.61815383
0.61891981
0.61930280
0.62006878
0.62172841
0.62236673
0.62338804
0.62543065
0.62594131
0.62645196
0.62772859
0.62938822
0.63079252
0.63257981
0.63475009
0.63679270
0.63755868
0.64177158
0.64215457
0.64419718
0.64572915
0.64726111
0.64879349
0.64930415
0.64968714
0.65262340
0.65594265
0.65760228
0.65862358
0.65977255
0.66360246
0.66462377
0.66500676
0.66641106
0.66896433
0.67547516
0.67598582
0.67904974
0.67994339
0.68198600
0.68441161
0.68530525
0.68594357
0.68734787
0.69143310
0.69283740
0.69436936
0.69539067
0.69590132
0.69615665
0.69845459
0.69909291
0.69973123
0.70062487
0.70113552
0.70266749
0.70432711
0.70522075
0.70611440
0.70662505
0.70764636
0.71288056
0.71441253
0.71543383
0.71683813
0.71734879
0.72041314
0.72117912
0.72258341
0.72309407
0.72526435
0.72577500
0.72628566
0.72666865
0.72717930
0.72896659
0.73088154
0.73190285
0.73228584
0.73688172
0.73739238
0.73777537
0.73943457
0.74083887
0.74224317
0.74275382
0.74326447
0.74428578
0.74530709
0.74607307
0.74888167
0.75028596
0.75079662
0.75207325
0.75296690
0.75590316
0.75628615
0.75705213
0.75743512
0.75769045
0.75807344
0.76062671
0.76471194
0.76892483
0.76943549
0.77045680
0.77186109
0.77364838
0.77428670
0.77632974
0.77684040
0.77913834
0.78041497
0.78092563
0.78169203
0.78194736
0.78271334
0.78539427
0.78628792
0.78769222
0.78845862
0.78922461
0.78947993
0.79471414
0.79522479
0.79637376
0.79688441
0.79739507
0.79931002
0.80122497
0.80428890
0.80505488
0.80594852
0.80875712
0.81143848
0.81182147
0.81424707
0.81488539
0.81565180
0.81731142
0.81999236
0.82050301
0.82203497
0.82318394
0.82446058
0.82497123
0.82599254
0.82663086
0.82829048
0.83046034
0.83148164
0.83454557
0.83569454
0.83658818
0.83735417
0.83799248
0.84156706
0.84820556
0.84897154
0.84999285
0.85075883
0.85139715
0.85241888
0.85305720
0.85675944
0.85918505
0.85969570
0.86020635
0.86097234
0.86263196
0.86314261
0.86531332
0.86633463
0.86697295
0.86735594
0.86812192
0.86837724
0.86939855
0.87118584
0.87284547
0.87361145
0.87578173
0.87693070
0.87744135
0.87820733
0.87897331
0.88050527
0.88305854
0.88356920
0.88433518
0.88459051
0.88676079
0.88854807
0.88893106
0.89556999
0.89735728
0.90220849
0.90463410
0.90999639
0.91037981
0.91076280
0.91178411
0.91229476
0.91357140
0.91382672
0.91408205
0.91523102
0.91944434
0.91995500
0.92046565
0.92097630
0.92467854
0.92544453
0.92633817
0.92812546
0.92965742
0.93157237
0.93221069
0.93284901
0.93310433
0.93425331
0.93489162
0.93680658
0.93757256
0.94025349
0.94140246
0.94178460
0.94306123
0.94561450
0.94752946
0.94791245
0.95455095
0.95506160
0.95595525
0.95672123
0.95697655
0.95774253
0.95825319
0.96055113
0.96131711
0.96182777
0.96884926
0.97025356
0.97191318
0.97587075
0.97740314
0.97842487
0.97982917
0.98033982
0.98199945
0.98353141
0.98391440
0.98468038
0.98544636
0.98595702
0.98646767
0.98851029
0.99004225
0.99068057
0.99157421
0.99285084
0.99310617
0.99438281
0.99795738
0.99885103
0.99987234
